$ANSIBLE_VAULT;1.1;AES256
36643764643465346338363465383131313737653564343261653534663865346363633061313963
3164363236366630396166326461333035393330343433380a333166396430356536333336306630
31343138336335383464393666313232383937336231346262363365353638636363386466633836
3262323837643232340a643834656535393731323632343230396639363833643861643636653934
33356237366565313461616462346564623664303236633939636436633639623064373830333235
30653035616132376139366231353165613937363230613964653832663965643964633262313738
37393864373633383834333166656265663263306130613834343038353630626234656161656331
30373133633939643034343830393136386638363132333761396463663937336639383233346161
66386366376232613430653032393565626463313263353666373238343265376431633465633035
39333735353436643230666237313836383438373333396664393463636539323261663633663130
31373630623165633434306265336134353262323036366239306634336163363862616534363662
64373561313039346639373330616433666130343138646630343230316232323464623130666230
62613236333735336134356336383064666631373833306466363434306465383933633130656162
36313932636337383933326430663264323833323338313531363530613335656264333936373131
61343034633039383464633661373239373133656662633936623231326139386131636666383364
66646434336337333435636166306136313233653966393532303833376139323331653465326338
65303937303235636137613232343138343962353232316337646262373531373962343234363431
64646466626433633037386466326665646534323135656566666434333330373831356231363532
64383766363038353964623264663461313135643236623966346366646562633138306239306239
61613964303264333732326162363537373830353532656134636237616332643363363764373130
37366632366530333330313564343532346663653838616233386466636561373362383933373339
35633434353633623864613236366136316235383538656265666563333038616233373336323232
30626235333866646664636137336265313661653730386662376563643362363564373135373831
62303630346633383262343965333565636134386539616232303463363962643137653435313731
66393631376561323634356562303765353536396464353665663639323331636262353334343465
62633561653836323237393737363737323530343733636331363635313534323637353639363833
65666365623838386530303763323138396161343935393764373762366334623264396233343237
37346666346136616561663435343530613531326665373036343066383737346365616134653634
30623434623136303035333632616330336364343638303263356131343637316635383262653032
32613237643966303534623263313062633566306436663263636136623539306638343864663733
64303737333761633231373534346164393161636463383134353637393636653431376135613565
31636630376261306238366233343732656233636262306632366431313861636332623933386437
64376538633366636335646133616233633136323466396430323763623962353338303761343461
38383337313533636161336565636335633131323238333231643138356330616462346231373365
64613439343164353738363666353531643264636134663337326263396336366338383832633363
32306431303532343461616133383839306363366136303864373665613430653435343764323634
61356636616337323838333431633066376634653636346262366564633565313833373634333962
30306332316363653636616133663837316263326363326332656530306537396235393438396563
65306562393132636266383761356234623733623632373931653332633966396332326237376261
38656438666430316262386139613761643830616163356266656538663435323339303663313037
36653563393635363034333831393132663339323338366133313637356334376233306634633833
30353135623566663862653931376537343038656137633666383265376438663732346530383261
39666461653763363232663630306132346533636233323639666538313134373937376539616339
66353434633464373966353832383738366665613464316338656333653161336639656263616530
31373763393966363962633738356662613539393034386435626636623230396435363835383463
34303135353732346533623662306539303464633838616439653935333161633435646331326261
35336365326335316537663634623032343633303331653635373936633061333166326538383665
34323435373031383566333835663662313634633130383861643266333066626635653836313635
31356665373236306561633036383038633564386230636665323333663635326365346266383361
39616135386233376662303730663962316539653866633735636239613963373433333966613563
34326531643665636234666362313636343930653463316333626636616462336531633162636335
61383336653630656637633136316434346334653634323838353665343831646637303262313765
63353830666262656138313166663933623333333166383239616634613233386236336164316230
32666465633935313761313030366630636630373134626334616337633064383365613035613836
63326238323166353030353439613931343064383961353366613162616534333162343938323063
65303439386265386562333265343862396662643437646439646637326364306233306132366264
31363531323538393436363839303462323538376363643937643563623664333663643536306632
66363864663738303231393931623438303463623538303030653432613262393761633435313639
62623935316265653562316635646561343534366138373165353939666333373165326263363133
61313033666539326635353233623830616136326536656634323231353466343763353731386236
34323934323563353365313732393739303637356635653039356665643132653361643263323339
30303538383836333734623833656464613136623831363833386439313035663232386262613535
34316465623562393039656630356130376639353363633464333232306562306662303735616139
35383465343465633736386134633162363436633063653132333236386338386631613331396165
31326333613337633761326265306135383065623032666631636362613336326430316636393136
39396562316430663436346232333063326465363062613037653166366463346564383166396639
36393565613833346333666163336539343665326239393833366139626566363038323736343933
34393434356465303230343736613231613330326137346237356432353838333166336438643133
61643638383439366237643765366635383634336462663431643738323935323632323538316365
33313835306330313231643935633136633362373538306165323262356566373431613162336237
61636563386233623133303131646661393761373838356466633831373365393331383536316433
33633239373730366264336266366630306131386266643239393865303231303930376366353937
33363135323630393030633132653764386536336637306238623565636566636363346631636433
39656663353666393762336233646336623633396335306466353037396338396335396239393761
31326332626635666663643130343763633161623833303034336635366230373366613364663464
66383031303834323135303761626665303139333864656635363734643439333834626262363932
66343161323264326339326631343838613366303535623339663139643239626461363562346238
39343861623065666630323134633839346130626261633232363632323439363237613130306662
37386334656630626533663664363863646662313834356639613435393466336464353364653234
66616439356630656531636261663433353866643665376664386131386565353839373831376664
62393332333163626264303839383436346134313462373531633633303064306264643931333038
37616232636164316533363064383230656435323131366331643765353062646333643830333839
33656666373736666435333230323632663834643530393032383063393435646130393532306332
61623833653532313661646565646634636437636137333239623932396362396262306336663564
32336665313866666138396137366631643932646639313231343339666432383332383761626563
62336265353461346663386261393331363837363731326662643238356231306430393866666138
32646335616537663263346262356462633735613032333038316266643930316138653238393632
37353937636262333738
