$ANSIBLE_VAULT;1.1;AES256
61393564383330306130313866363339313661353636633138343330366166663538353238343561
6633393537626236336361383535633933393931616430640a343635373538313265633430646665
35393331383861333033663232343639326336383563336338336166613936366561373863313834
3532333065636165360a636634386135383837393565646436653835303264616230626535383465
65396464316633336239633665343439303937323731346535376131326162303834396239353933
35376130376261373561656432633136633934613934663735353939383731626535363236646534
65353137643164373332313162393164646230396165376564393330396439303065383433613236
62633435633664656635326366396333616632643565363965313134376131323932656538373166
39363732393165613639313466313336653637383739633735623335653539353362303434386434
64636136613365323861613736616536326234303735623766373737363062353833643638613461
35353761323834626434356538643733626162393830613733373834393731306666363631343562
32323439333832313233626434666538653739353833306131626166333061646632663734333261
34613436323830633832386164643563356133323738626166376637393063336637633530386635
6232663137376635346163383066653936396666393039633131
