$ANSIBLE_VAULT;1.1;AES256
33656362303062326634343961646530663534316131626138656239303534653166666630663164
3635336561643933323865373337376636666330656237330a633032343864393732383033633634
38353665626263353230633164396161646538386234353062383062363265343430336239656263
3766323439326633360a343639636336633831333437323464623432623535333362333364333738
61326332623534636335373262393537323764383431643539373965626632633036343964653261
35393835323261316232643162613132393164333936383834643261613537623166373735303536
64363534653434323761303835363831373964353763313330343931323532623734353734633462
61306364623431616232383362623662653662616462396633316439306439353730636462316466
61616263323136633761613833663330633138336435623531313238343032336162353530366336
66643737663634363939313730303432633963373565636137646630366261366635313130643566
39343161623666666132363935653236656139336165353639303661633462646631386234636337
64613034366366386261663837343463373433346132626339333437646662336464343539646631
6161
