$ANSIBLE_VAULT;1.1;AES256
62623965343338363939393836326664333164353737383838396261393530323462626536656539
3039663566663631326664623566363732616537343532660a623364616139326138656664313231
64363433323135626130353064333363633665623135346230613835646432323831316535333034
3363643939353038340a356633633834303130386431393930356232363236656137636266313232
64393237346635643661626131326538653630663166636263636536313639646230396339396336
39613062346132653265616665386232383532326435343339306437373064633030356565646433
30396430613031313637353562343331373161616264363133306434343363393263383036316536
39613962373763373664303961343263633138353831633064636238663332353434326666386331
63613934306661373561313265353264616334653331343437653632623066613966396463366333
35626164663733363433373038343865626238646434383231623163323064313135343165393436
30653036386633613032323235316338393139316265326333356564363630613233346537626331
35383163633337643863333334353363343237363563336463646637303132643636393239356366
31633530316361323238396134333866316231383264623339343266336463616561623531353739
63323933373464633065633961336630336666303863333737646332633662666132623230613535
66656233353639313861376232363837343663356166316134333935383164343366653137643431
37306133633636383638376632626366356536353037613239333263353062356366626661303137
38346661633232303462613432306434643634636534646235616565303262303730653035643064
65663734393639373639333064323838303431353233643462363563336233626638306466326136
32623336336333323739313461373236373138356632393366623539346262373033336535653865
64386161313139376461303739373764343334353739306361343138313431313166353063386635
30643665303135643639376262393633613630336566323238613232633838666233363630343838
31373530656235636563613535386263366633383435663733653561633238623932626339303437
35323738343562393638393134663331623630663866633764636637316136396365343931646536
39613334663166666139
