$ANSIBLE_VAULT;1.1;AES256
34393335316536336238653563353836616539316638356431633464643764363363306463656334
3536366235333962343362633636643864303462356134340a313530663466363764393431366433
30393137313733316431323534633338653665396237613136313361396565663137323165343762
3737356563616633660a666330343563326639356131636539316130616632653463303833613535
65383239383437393032616461653732373433373237633435653666313032313936323262656630
39383038383839396165306464393366353861666136353139653230306635336330366430356239
38623436653266373832336562616330323030393939653939323436316437376363623965353938
64356637383832376662363033323865623566656535396364623239393435326164313639383035
33353662313230366431316330323661343763303033633561313536386533643233633335616563
34303734396639393339373966336538656533333939373465383666343563643939323764663261
39666537316138646534303530326561376530366364373139666164666139363333666234646637
37376332306239383439356239396562343338383331623638336162663038356431616263623530
3066
